6.855585318022028332e+03
7957.034758326733
5036.333172390609
6575.79323638364
9250.62868043358
9274.051622534063
3879.0971732468543
7251.319561079034
5007.785083786403
7249.421568257548
6041.238016828254
6004.284508670496
6853.654674167985
6274.769455522479
7086.855513311345
5409.045355751592
6257.458655720964
6649.387992510154
5874.9157993495955
6078.4825407317285
6200.3304666557715
6464.097307977315
6011.597498335202
6765.345133689724
6368.670083159229
5993.008019696082
5271.8311253321945
6434.077342849341
5792.264619558353
5483.448856163636
5140.814080326583
5422.42771968119
5526.288015377096
4518.659379241025
5753.548656780502
5631.80013981255
5001.458712594364
4989.135708264278
4181.7326584568655
5140.864861214121
4806.502015425718
4367.6581545584795
5007.518375885191
4005.858363950936
5693.607146698922
3950.8026384718237
5432.6783804593215
5223.139760973425
4154.373426815165
6104.0918972270065
3564.8035161273133
6248.4580820624715
3483.5694490133587
5510.719035492784
4552.604756856113
4386.415831617172
5858.955215511744
3451.054975112453
6327.314394000695
4563.72801669216
6619.0135911594225
4909.659954230368
4753.566822828761
5445.005979347663
3721.874830561792
5960.767717881839
4514.3004781512
5661.499368786835
6038.983901306749
5031.047377181651
6025.113755791759
4642.335076062655
6026.097060536978
5610.122160010856
6191.499629636316
5882.877219082866
5869.298455957306
6646.426135188996
5722.25182660429
6688.699047606321
6301.596971708068
5156.210672124648
6003.93861282029
5248.6603344630485
6701.226103197352
6174.8679227596485
5655.058961525262
6228.622663988175
5891.489142488177
6274.899454511991
5862.207675580439
6906.408476181971
5344.731286083439
6082.582114092354
6078.781532780746
6336.1936330931185
6275.935443497362
5343.255524743108
6740.72572704161
6377.248462954116
5454.48448615048
6189.380772170056
5846.074185990487
6377.654659623565
5580.616411256871
6019.141338146507
6019.206708795007
6120.529841021952
6005.304285789923
6070.741381596539
6561.8896575669605
5409.106422626021
6074.751450059362
6193.827753602819
6577.246905862057
5847.661362258668
6318.7315413106735
5670.76697585393
6291.655777077417
6496.2531939275805
6827.491707739638
6052.108496449331
6005.815216388274
5777.154481404512
6585.627768083049
6141.93424280875
5695.304393226253
5948.727223913971
6157.451177844888
5872.02247189942
5076.019893946874
5828.562619503969
5623.9440893259925
5854.925968737014
5755.014914111081
5583.094448707242
5956.855850557354
5670.184636266945
5260.726965896713
5167.205966066413
6182.740075100334
4323.612138453321
6562.668118896312
5256.757303049178
5349.336861233268
6313.954516032635
5071.718152016214
6402.039577691832
5219.841572165857
4928.101131290226
6310.5812477637755
5114.635657008905
6196.963971879461
4853.9493528506455
5294.022894630511
5428.115138545724
5153.810868384432
5399.344475535123
5019.039842123073
3949.2756351250628
6028.967092637146
5402.538878343717
6338.819769663784
4581.071714398559
5001.724526877603
4831.052410388576
4598.116875688954
5728.721354698269
4424.18343574053
5083.981702962084
4666.370970044936
4830.984101271114
5050.314533160596
4390.554938318375
5407.981272048065
4084.4780634748604
5223.957386213671
5361.92276894502
4359.902709261331
6123.493342197985
4385.507315295013
5209.834353212367
5472.696734697576
3981.947006783253
5383.465117671786
4048.151318783011
4986.27101685583
5109.03105025389
5009.6952217555845
5218.59407672326
4156.423180896054
4867.156044684232
4821.70179067406
5811.862283139697
4837.477934553604
5114.319541044668
5443.7794256952175
4288.90888473416
5290.831476572684
4486.011473276375
